#name z Pbolo (erg/s/cm^2) dPbolo (erg/s/cm^2) Epeak (keV) dEpeak (keV)
GRB 0.7 7.3e-06 4.3e-07 115.0 38.0
GRB 0.84 3.3e-06 3.3e-07 389.0 40.0
GRB 0.96 1e-05 1.1e-06 298.0 30.0
GRB 3.42 7.5e-07 2.4e-08 190.0 20.0
GRB 1.1 3e-07 8.3e-08 92.0 42.0
GRB 0.97 1.2e-06 3.6e-08 254.0 25.0
GRB 1.61 1.3e-05 5e-07 604.0 60.0
GRB 1.31 1.1e-05 1.5e-07 283.0 30.0
GRB 1.62 3.3e-06 1.2e-07 126.0 10.0
GRB 0.84 6.6e-06 2.6e-07 189.0 15.0
GRB 0.43 3.5e-06 2.9e-07 65.0 10.0
GRB 0.71 2.1e-05 2.1e-06 190.0 20.0
GRB 1.02 4.1e-05 3.8e-07 318.0 30.0
GRB 4.5 7.3e-07 8.3e-08 163.0 13.0
GRB 0.85 2e-05 2.1e-06 408.0 14.0
GRB 1.06 1.9e-05 1.9e-06 986.0 100.0
GRB 2.07 2.9e-06 2.9e-07 100.0 7.0
GRB 1.48 2.3e-05 7.2e-07 309.0 12.0
GRB 0.45 1.8e-06 1.6e-07 89.0 13.8
GRB 2.14 9.2e-08 9.3e-09 59.0 8.0
GRB 3.2 6.1e-07 1e-07 87.0 12.0
GRB 0.7 7.4e-06 3.1e-07 364.0 90.0
GRB 1.25 3.8e-06 2.6e-07 142.0 13.0
GRB 0.25 3.4e-08 8.8e-09 2.6 0.8
GRB 2.32 2.3e-07 5.5e-08 80.0 22.0
GRB 1.01 2.3e-06 1.7e-07 46.0 6.0
GRB 2.5 3.2e-07 5.1e-08 83.0 22.0
GRB 1.98 2.6e-07 4.7e-08 97.0 17.0
GRB 3.37 1.2e-07 6e-08 44.0 26.0
GRB 1.52 1.6e-06 1.1e-07 126.0 14.0
GRB 0.17 2e-05 1e-06 68.0 2.2
GRB 2.66 2e-07 5.4e-08 35.0 8.0
GRB 0.78 1.6e-07 3.2e-08 32.0 5.0
GRB 0.86 2.6e-06 2.8e-07 67.0 6.0
GRB 0.71 2.5e-06 1.4e-07 63.0 13.0
GRB 1.29 1.1e-07 1.3e-08 47.0 8.0
GRB 1.44 5.2e-07 6.3e-08 47.0 8.0
GRB 2.9 2.1e-06 2.2e-07 118.0 18.0
GRB 2.44 4.2e-08 1.1e-08 25.0 13.0
GRB 0.65 5.3e-07 8.5e-08 15.0 2.7
GRB 3.79 4.3e-07 1.2e-07 93.0 35.0
GRB 4.27 3.2e-07 5.4e-08 70.0 24.0
GRB 0.61 5.2e-06 7.2e-08 81.0 1.4
GRB 2.82 9.7e-06 6e-07 344.0 52.0
GRB 2.61 3.3e-07 5.2e-08 246.0 40.0
GRB 6.29 2.5e-07 3.5e-08 436.0 90.0
GRB 3.35 9.8e-08 1.5e-08 41.0 5.0
GRB 2.2 2e-06 7.3e-08 198.0 22.0
GRB 0.8 1.1e-05 8.7e-07 510.0 20.0
GRB 2.35 7.8e-07 9.7e-08 161.0 35.0
GRB 2.03 1.1e-07 1.1e-07 65.0 10.0
GRB 3.53 1.3e-07 1.6e-08 62.0 6.0
GRB 6.6 2e-07 1.1e-07 139.0 36.0
GRB 2.3 1.1e-06 1.2e-07 237.0 51.0
GRB 4.05 4.4e-07 1.9e-08 75.0 12.0
GRB 3.91 5.5e-07 2.2e-08 149.0 400.0
GRB 4.41 2.1e-07 3.7e-08 71.0 10.0
GRB 1.49 1.5e-06 5.9e-08 230.0 20.0
GRB 1.51 3.7e-07 1.6e-07 156.0 33.0
GRB 4.9 1e-07 1.7e-08 95.0 60.0
GRB 3.21 2.4e-07 3.3e-08 25.0 5.0
GRB 2.68 9e-08 1.6e-08 40.0 5.0
GRB 3.8 1.2e-07 5.5e-08 169.0 30.0
GRB 3.08 2.7e-07 8.1e-08 120.0 17.0
GRB 3.43 1.53e-07 2.12e-08 63.0 6.0
GRB 2.71 2.3e-07 1.42e-08 103.0 16.0
GRB 0.54 1.93e-07 1.3e-08 61.0 9.0
GRB 0.84 1.83e-06 4.44e-08 257.0 74.0
GRB 0.7 4.37e-07 2.28e-08 80.0 12.0
GRB 2.43 6.69e-07 3.36e-08 151.0 25.0
GRB 3.21 1.56e-07 1.22e-08 20.0 11.0
GRB 5.6 4.02e-07 1.54e-08 72.0 15.0
GRB 1.26 7.2e-06 1.11e-07 399.0 11.0
GRB 0.76 9.79e-08 1.35e-08 90.0 13.0
GRB 3.44 1.79e-07 2.66e-08 517.0 53.0
GRB 1.31 8.04e-06 1.07e-07 606.0 44.0
GRB 3.36 2.29e-07 3.15e-08 49.0 8.0
GRB 2.35 1.12e-07 1.36e-08 110.0 30.0
GRB 1.17 1.39e-07 2.06e-08 51.0 10.0
GRB 0.84 4.1e-07 2.12e-08 154.0 19.0
GRB 2.95 1.5e-07 1.31e-08 83.0 11.0
GRB 2.31 1.67e-07 1.38e-08 31.0 2.0
GRB 0.82 7.67e-06 1.18e-07 233.0 7.0
GRB 0.55 2.09e-06 5.26e-08 222.0 12.0
GRB 2.5 3.32e-07 5.08e-08 180.0 52.0
GRB 2.04 1.45e-07 2.25e-08 92.0 30.0
GRB 0.62 2.77e-07 4.24e-08 87.0 17.0
GRB 0.92 3.24e-06 1.46e-07 1120.0 230.0
GRB 2.45 6.38e-08 9.69e-09 70.0 25.0
GRB 2.17 2.77e-07 1.77e-08 44.0 9.0
GRB 1.1 4.71e-06 1.82e-07 799.0 61.0
GRB 0.98 1.17e-07 2.67e-08 27.0 10.0
GRB 0.95 9.2e-07 2.18e-08 52.0 8.0
GRB 2.69 7.08e-08 8.61e-09 24.0 7.0
GRB 1.33 2.71e-06 5.83e-08 278.0 143.0
GRB 1.14 6.76e-08 2.06e-08 73.0 30.0
GRB 2.64 2.57e-07 1.95e-08 73.0 15.0
GRB 2.43 1.83e-07 1.72e-08 28.0 6.0
GRB 0.94 1.55e-05 1.91e-07 651.0 8.0
GRB 1.95 2.22e-06 7.79e-08 307.0 56.0
GRB 1.51 1.33e-07 1.8e-08 20.0 9.0
GRB 1.03 1.04e-05 1.31e-07 259.0 16.0
GRB 2.43 1.22e-06 2.65e-08 170.0 24.0
GRB 1.1 3.17e-06 8.25e-08 73.0 10.0
GRB 0.77 4.6e-07 2.15e-08 80.0 15.0
GRB 3.2 2.77e-07 2.8e-08 66.0 24.0
GRB 1.55 8.23e-08 1e-08 12.0 5.0
GRB 2.69 7.57e-07 2.63e-08 85.0 18.0
GRB 1.64 5.99e-06 1.1e-07 246.0 11.0
GRB 3.04 8.35e-06 2.42e-07 394.0 33.0
GRB 1.23 1.68e-07 1.02e-08 73.0 20.0
GRB 2.6 9.57e-06 5.01e-07 485.0 41.0
GRB 3.35 9.76e-07 8.4e-08 313.5 73.6
GRB 6.7 2.31e-07 4e-08 93.1 56.1
GRB 0.69 1.06e-06 1.6e-07 109.0 9.0
GRB 2.51 1.87e-06 4.8e-07 248.0 32.0
GRB 2.77 2.62e-06 3.8e-07 134.0 9.0
GRB 1.55 3.9e-06 5.6e-07 451.0 58.0
GRB 3.57 3.8e-06 6.9e-07 416.0 76.0
GRB 0.74 7.28e-06 5.2e-07 653.0 45.0
GRB 8.2 3.24e-07 6.8e-08 82.0 15.0
GRB 0.54 1.8e-05 1.2e-06 177.0 3.0
GRB 4.11 5.93e-07 3.4e-08 185.6 42.5
GRB 0.54 8.58e-06 9.6e-07 155.5 10.5
GRB 3.0 8.96e-07 2.49e-07 134.0 30.0
GRB 2.45 2.17e-06 2.4e-07 572.0 159.0
GRB 1.82 2.72e-05 3e-07 775.0 11.0
GRB 2.11 1.82e-05 3e-07 314.0 4.0
GRB 1.24 5.55e-07 7.9e-08 78.3 7.0
GRB 0.97 1.82e-06 8.4e-07 19.2 11.0
GRB 1.71 1.63e-06 2e-07 47.9 7.1
GRB 2.75 2.82e-07 1.6e-08 61.4 17.5
GRB 0.49 4.03e-06 1.7e-07 36.0 2.0
GRB 1.06 3.47e-06 6e-07 124.0 19.4
